[default.jpg]
filters=Invert=1;Invert=1;Invert=1;TwoTone=1,32.777779,20.000000,0.000000,ff12aaf3,fffdfdfd;
moddate=07d589944717d201
width=185
height=184
textactive=0
